5091
498707
505811
711443
411924
280155
258941
61237
3523
621
506296
263531
102147
8124
447284
404366
609627
461782
196855
507984
705162
596251
484438
420923
5090
11109
81698
568351
755
71341
178707
462762
5928
43869
468193
81291
336
439
81924
84674
260315
468123
61628
666
323
106079
395978
496849
496943
594736
603324
666935
749374
462682
462514
3491
279102
463354
401177
420224
432423
487409
432424
549198
669982
535341
468581
566111
602373
6186
419046
582764
341
415687
417840
601564
581932
403986
461799
7971
601022
467553
463724
47237
437410
111543
466849
410566
780451
447301
497077
178707
178707
592383
178707
178707
178707
161101
161101
161101
161101
817509
582314
469619
469619
573245
468994
554
464963
394375
103306
14287
96452
464963
464963
281449
6293
81102
88198
502838
707
86204
392930
522180
592383
502838
6035
20789
81576
737843
575613
413080
572376
673340
448
678127
463686
461784
370
49684
441
273209
63738
581102
8229
135130
421997
475612
17663
279916
5052
259876
501751
395709
463577
280961
8221
259351
84440
325481
247926
662596
398239
311470
474953
461981
462454
507818
256079
455515
400122
586475
466581
468136
51319
679113
1934
502838
8005
455353
432550
571288
652659
581937
733636
1721
675045
378246
8932
5526
493208
2509
86228
409236
455216
311268
919947
425041
61325
104903
521689
355
522
582753
36544
261636
450204
648463
661022
712726
5185
460570
84034
2213
546915
14346
178579
5492
462606
488411
442084
220217
397547
404245
306
468444
195615
6873
276095
409151
588786
7030
396193
4619
558114
6877
105741
2360
77038
77040
3442
680370
394753
503698
395060
261761
517988
395787
24690
105397
471
7374
8162
279880
418847
410
102215
587067
623744
677437
655578
707257
84049
3892
415663
21507
568299
470769
8165
6174
2276
464963
23148
565035
678806
738948
807470
406210
789914
427122
278522
607152
803831
586397
607993
6034
61261
535429
386
463475
603731
81733
81487
63920
576451
683623
665315
582101
78753
462938
672899
651858
197243
3948
668
669
573239
481706
602409
417855
484391
463437
771230
356
178707
278217
467110
461206
512883
683999
597687
724703
803436
535304
669466
408674
408758
406148
696813
676266
818775
104937
770805
760326
566055
4375
77443
886
646295
596125
408876
693969
260162
681831
387556
474
782994
725855
505851
260991
841847
818884
494662
95323
453191
77046
277537
178710
681729
691223
402
818883
730665
606646
195524
656294
452552
468466
308433
577488
757898
522892
455194
103391
664
501293
501998
596001
682255
412173
666951
158786
681849
523248
647671
518037
592383
655515
592260
391772
734276
5206
566283
735848
455773
508161
277535
104901
482151
588672
397667
760469
771978
602727
596231
784773
461958
442568
429827
572035
102146
820540
804748
793557
823594
395057
734905
762855
6039
596274
88078
568550
1957
688832
8161
397673
180960
618913
722885
749540
779052
427855
463860
416116
462525
102152
251957
5003
78378
808062
760565
732568
692861
692451
4374
63991
801924
178707
397541
180609
689
102124
464963
804728
306084
585595
803233
817506
807630
824275
818742
581500
243595
818284
409640
661938
391889
701756
470344
733888
445186
762203
412344
825923
582476
404900
401522
675488
258048
656559
589167
733493
661210
355828
582359
472329
557806
518192
521489
741231
687595
796660
104122
596247
463684
826050
86193
677719
574688
822704
610422
432714
252089
417846
503148
412342
77044
782977
811603
679830
736209
893789
851874
789022
847241
712069
763722
445456
762833
258621
822866
771706
178707
891595
893828
843559
77164
841000
942397
408871
322
770631
505827
797840
780470
574182
880643
986594
839008
298
299
